100
4751053
5388168
3410821
8697851
10000000
3949061
8291470
1750607
8603593
6697461
2
140839
6
3
4046177
2610613
1403870
1
9999161
4461642
2295773
9999972
9999162
5103067
2360890
13
5
1144
7
6463741
9999971
9999991
9325574
592432
390548
4572049
6987083
4461643
3702389
9999930
9999931
7551991
2196613
9309119
615403
11
4
1481717
1862603
6716541
6735763
9999997
8237213
4461641
3191803
8763892
2872729
9987391
4170220
8
9516811
5331653
2044523
3323191
3929879
10
6704676
7783893
9999999
9682616
1507483
5001361
9999995
9999998
9971849
4936439
3132736
7203246
9
7742461
12
8248729
9999163
1264969
9010879
5462959
1281246
9299449
3877633
1221469
559513
9999996
3023326
9999973
8460583
6865010
983469
9999929
2896297
8873129
